# [0.0]
0.30000000 2082.73253295
0.40000000 1787.46377013
0.50000000 1662.00640209
0.60000000 1594.58850675
0.70000000 1585.07333096
0.80000000 1627.31106439
0.90000000 1714.38296341
1.00000000 1832.43768569
1.10000000 1936.50440241
1.20000000 2104.77612002
1.30000000 2288.28187851
1.40000000 2444.34153239
1.50000000 2616.38028956
1.60000000 2808.13881842
1.70000000 2997.52533438
1.80000000 3302.12407237
1.90000000 3692.56480046
2.00000000 4155.91564357
2.10000000 4765.61300667
2.20000000 5555.58243933
2.30000000 6488.40435953
2.40000000 7669.80703277
2.50000000 8971.33983635
2.60000000 10157.47525841
2.70000000 11058.60520508
2.80000000 11516.23439311
2.90000000 11283.49129375
3.00000000 10679.65866022
3.10000000 9748.03309593
3.20000000 8696.76306811
3.30000000 7712.04964166
3.40000000 6912.95381752
3.50000000 6260.66020576
3.60000000 5618.34856474
3.70000000 5104.25348053
3.80000000 4693.15434684
3.90000000 4392.96429082
4.00000000 4095.51473471
4.10000000 3841.17957427
4.20000000 3687.18209119
4.30000000 3508.94792557
4.40000000 3337.69569069
4.50000000 3179.90111388
4.60000000 3016.04596355
4.70000000 2920.06400153
4.80000000 2780.73034851
4.90000000 2651.30326000
5.00000000 2544.03107732
5.10000000 2469.56268841
5.20000000 2452.37049735
5.30000000 2446.53037447
5.40000000 2496.55669964
5.50000000 2517.72378530
5.60000000 2535.07054792
5.70000000 2498.54414506
5.80000000 2477.75428203
5.90000000 2409.08436282
6.00000000 2321.54476530
6.10000000 2275.95378645
6.20000000 2204.19936596
6.30000000 2127.47427941
6.40000000 2072.61809971
6.50000000 2026.16961427
6.60000000 1967.14403925
6.70000000 1921.23098453
6.80000000 1880.03846163
6.90000000 1849.27186219
7.00000000 1813.13407613
7.10000000 1764.23498106
7.20000000 1734.58538789
7.30000000 1736.28712926
7.40000000 1712.05615355
7.50000000 1702.96491231
7.60000000 1668.46720495
7.70000000 1646.72576848
7.80000000 1622.16558463
7.90000000 1595.30022018
8.00000000 1543.70120070
8.10000000 1504.43112903
8.20000000 1473.52143129
8.30000000 1413.26930785
8.40000000 1350.73206604
8.50000000 1305.56547394
8.60000000 1249.94359231
8.70000000 1198.48541996
8.80000000 1142.32487945
8.90000000 1108.79373283
9.00000000 1056.08238041
9.10000000 1016.75153285
9.20000000 978.48593396
9.30000000 942.26633377
9.40000000 898.53495996
9.50000000 848.08520264
9.60000000 795.23361897
9.70000000 747.31834440
9.80000000 692.14115705
9.90000000 621.33221393
10.00000000 562.54239704
10.10000000 502.54726571
10.20000000 450.21895015
10.30000000 405.17470358
10.40000000 368.85733344
10.50000000 335.65893731
10.60000000 305.00071243
10.70000000 281.98215675
10.80000000 262.40121994
10.90000000 240.79379179
11.00000000 228.30746137
11.10000000 212.05859104
11.20000000 198.26438014
11.30000000 186.43057126
11.40000000 174.54165916
11.50000000 166.10674731
11.60000000 155.14598987
11.70000000 146.00723990
11.80000000 134.82739243
11.90000000 130.02400823
12.00000000 119.62272819
12.10000000 113.78189429
12.20000000 106.73496212
12.30000000 100.18059706
12.40000000 96.69005089
12.50000000 90.22049218
12.60000000 86.62635479
12.70000000 83.24345266
12.80000000 78.39309747
12.90000000 75.53660395
13.00000000 70.68858760
13.10000000 67.56529443
13.20000000 64.75826625
13.30000000 62.89392206
13.40000000 61.68175672
13.50000000 59.95399670
13.60000000 56.64247676
13.70000000 55.81756327
13.80000000 54.81296827
13.90000000 52.91864940
14.00000000 50.70255832
14.10000000 48.98358525
14.20000000 48.97542867
14.30000000 47.97804469
14.40000000 47.54712779
14.50000000 47.58269455
14.60000000 45.04705236
14.70000000 42.75808278
14.80000000 42.87348016
14.90000000 41.93176848
15.00000000 40.73438225
15.10000000 39.13317225
15.20000000 38.89697944
15.30000000 38.49038679
15.40000000 36.48210924
15.50000000 36.75826126
15.60000000 36.11449309
15.70000000 34.41445031
15.80000000 33.44880499
15.90000000 33.27235767
16.00000000 31.60904876
16.10000000 30.34291331
16.20000000 30.33332908
16.30000000 29.30788319
16.40000000 27.64364402
16.50000000 28.02688948
16.60000000 27.01303718
16.70000000 27.22453237
16.80000000 26.50243895
16.90000000 26.19112894
17.00000000 25.45850412
17.10000000 25.60839679
17.20000000 25.20694287
17.30000000 25.01348464
17.40000000 24.69135578
17.50000000 24.48112675
17.60000000 24.04924473
17.70000000 23.82629424
17.80000000 23.59825790
17.90000000 23.24138883
18.00000000 23.09737557
18.10000000 23.00412311
18.20000000 22.71429544
18.30000000 22.43500764
18.40000000 22.25806665
18.50000000 22.04940953
18.60000000 21.91303035
18.70000000 21.67106055
18.80000000 21.57198283
18.90000000 21.32506136
19.00000000 21.12505197
19.10000000 21.05992266
19.20000000 20.93614450
19.30000000 20.77549013
19.40000000 20.57410996
19.50000000 20.41023723
19.60000000 20.37341218
19.70000000 20.20571030
19.80000000 20.00027674
19.90000000 19.85477521
20.00000000 19.84504186
20.10000000 19.62970515
20.20000000 19.31448118
20.30000000 19.21154961
20.40000000 19.14516537
20.50000000 18.88509382
20.60000000 18.76270079
20.70000000 18.63281893
20.80000000 18.44898683
20.90000000 18.29777137
21.00000000 18.13385625
21.10000000 18.05721975
21.20000000 17.77807514
21.30000000 17.70277218
21.40000000 17.54032573
21.50000000 17.45358199
21.60000000 17.35076130
21.70000000 17.28483829
21.80000000 17.13184467
21.90000000 16.95662117
22.00000000 16.93835873
22.10000000 16.81333688
22.20000000 16.72803334
22.30000000 16.58740603
22.40000000 16.52508545
22.50000000 16.36955907
22.60000000 16.27036452
22.70000000 16.12959364
22.80000000 15.95197176
22.90000000 15.76218701
23.00000000 15.58709946
23.10000000 15.49634170
23.20000000 15.38254049
23.30000000 15.03958150
23.40000000 14.88405084
23.50000000 14.63434598
23.60000000 14.36449830
23.70000000 14.24383140
23.80000000 14.00785276
23.90000000 13.70926681
24.00000000 13.47194173
24.10000000 13.17182160
24.20000000 13.00674386
24.30000000 12.68574877
24.40000000 12.38291256
24.50000000 12.16713995
24.60000000 11.99675616
24.70000000 11.70288390
24.80000000 11.47700104
24.90000000 11.24543279
25.00000000 11.02980937
25.10000000 10.79266065
25.20000000 10.64066462
25.30000000 10.44688183
25.40000000 10.19934077
25.50000000 9.95203185
25.60000000 9.77810775
25.70000000 9.59763295
25.80000000 9.42380591
25.90000000 9.26823206
26.00000000 9.07997559
26.10000000 8.92712764
26.20000000 8.74057616
26.30000000 8.61204139
26.40000000 8.43488097
26.50000000 8.27757832
26.60000000 8.06601701
26.70000000 7.94661720
26.80000000 7.86727297
26.90000000 7.71923094
27.00000000 7.58188183
27.10000000 7.49483920
27.20000000 7.40153494
27.30000000 7.25166722
27.40000000 7.17108939
27.50000000 7.02885214
27.60000000 6.85467325
27.70000000 6.82620029
27.80000000 6.73178718
27.90000000 6.59131559
28.00000000 6.48870443
28.10000000 6.37554289
28.20000000 6.33923771
28.30000000 6.22743956
28.40000000 6.13095282
28.50000000 6.02001070
28.60000000 5.87572142
28.70000000 5.83007123
28.80000000 5.75513125
28.90000000 5.63443298
29.00000000 5.55365036
29.10000000 5.48576328
29.20000000 5.41684264
29.30000000 5.32751899
29.40000000 5.18469007
29.50000000 5.17645466
29.60000000 5.15685125
29.70000000 5.04852732
29.80000000 4.96928916
29.90000000 4.87414600
30.00000000 4.78854611
30.10000000 4.74642270
30.20000000 4.68783918
30.30000000 4.60821704
30.40000000 4.57374865
30.50000000 4.48263206
30.60000000 4.39692026
30.70000000 4.31212264
30.80000000 4.28630854
30.90000000 4.21351603
31.00000000 4.11087089
31.10000000 4.04826680
31.20000000 4.00589411
31.30000000 3.93660504
31.40000000 3.81492956
31.50000000 3.78917065
31.60000000 3.76258535
31.70000000 3.64204228
31.80000000 3.58676171
31.90000000 3.54295654
32.00000000 3.44618377
32.10000000 3.39334195
32.20000000 3.31987191
32.30000000 3.24973797
32.40000000 3.21405422
32.50000000 3.13643436
32.60000000 3.07122729
32.70000000 3.04098284
32.80000000 2.98994326
32.90000000 2.92493450
33.00000000 2.87710086
33.10000000 2.83659710
33.20000000 2.78542290
33.30000000 2.74753519
33.40000000 2.68385222
33.50000000 2.64647068
33.60000000 2.59965786
33.70000000 2.55438798
33.80000000 2.51349989
33.90000000 2.47192229
34.00000000 2.43335631
34.10000000 2.40537729
34.20000000 2.36400631
34.30000000 2.31564290
34.40000000 2.28122301
34.50000000 2.24274322
34.60000000 2.21836907
34.70000000 2.16245978
34.80000000 2.14017646
34.90000000 2.09688494
35.00000000 2.05717132
35.10000000 2.03549412
35.20000000 2.00242503
35.30000000 1.96125342
35.40000000 1.93514377
35.50000000 1.89570075
35.60000000 1.86586220
35.70000000 1.82972565
35.80000000 1.81381272
35.90000000 1.76055273
36.00000000 1.73202908
36.10000000 1.69646637
36.20000000 1.65861093
36.30000000 1.63737710
36.40000000 1.61439178
36.50000000 1.56852412
36.60000000 1.54354016
36.70000000 1.51107683
36.80000000 1.49180380
36.90000000 1.46248686
37.00000000 1.42400650
37.10000000 1.39948023
37.20000000 1.36928523
37.30000000 1.33962821
37.40000000 1.31406691
37.50000000 1.28487965
37.60000000 1.24446385
37.70000000 1.21215599
37.80000000 1.18900653
37.90000000 1.14058338
38.00000000 1.10209087
38.10000000 1.04573540
38.20000000 1.01538658
38.30000000 0.95129700
38.40000000 0.90085081
38.50000000 0.85720182
38.60000000 0.80381373
38.70000000 0.75690180
38.80000000 0.69351978
38.90000000 0.65728475
39.00000000 0.60835881
39.10000000 0.56468545
39.20000000 0.52698875
39.30000000 0.48895404
39.40000000 0.45448596
39.50000000 0.43318425
39.60000000 0.40564487
39.70000000 0.38286261
39.80000000 0.36482367
39.90000000 0.34660464
40.00000000 0.32828111
40.10000000 0.31206539
40.20000000 0.29751780
40.30000000 0.29002810
40.40000000 0.27955550
40.50000000 0.27011555
40.60000000 0.25716949
40.70000000 0.24847759
40.80000000 0.24271116
40.90000000 0.23618529
41.00000000 0.23668970
41.10000000 0.23474992
41.20000000 0.23163624
41.30000000 0.23127281
41.40000000 0.22972429
41.50000000 0.22805279
41.60000000 0.22666345
41.70000000 0.22545641
41.80000000 0.22402036
41.90000000 0.22263623
42.00000000 0.22131258
42.10000000 0.21848197
42.20000000 0.21873260
42.30000000 0.21585492
42.40000000 0.21474299
42.50000000 0.21256760
42.60000000 0.21298807
42.70000000 0.21071163
42.80000000 0.20957930
42.90000000 0.20734048
43.00000000 0.20759194
43.10000000 0.20490349
43.20000000 0.20406005
43.30000000 0.20266828
43.40000000 0.20157206
43.50000000 0.19842627
43.60000000 0.19830096
43.70000000 0.19550955
43.80000000 0.19390970
43.90000000 0.19219287
44.00000000 0.19112956
44.10000000 0.19005306
44.20000000 0.18814136
44.30000000 0.18685630
44.40000000 0.18497683
44.50000000 0.18399891
44.60000000 0.18226120
44.70000000 0.18128063
44.80000000 0.17971362
44.90000000 0.17910177
45.00000000 0.17672638
45.10000000 0.17472323
45.20000000 0.17444719
45.30000000 0.17229299
45.40000000 0.17042718
45.50000000 0.16913753
45.60000000 0.16761468
45.70000000 0.16641560
45.80000000 0.16295191
45.90000000 0.16209211
46.00000000 0.16027825
46.10000000 0.15855438
46.20000000 0.15595856
46.30000000 0.15491679
46.40000000 0.15405913
46.50000000 0.15218587
46.60000000 0.15061102
46.70000000 0.15005774
46.80000000 0.14754021
46.90000000 0.14594590
47.00000000 0.14349129
47.10000000 0.14288334
47.20000000 0.14180596
47.30000000 0.13894028
47.40000000 0.13686674
47.50000000 0.13527837
47.60000000 0.13476089
47.70000000 0.13276338
47.80000000 0.13041261
47.90000000 0.12935708
48.00000000 0.12762525
48.10000000 0.12661846
48.20000000 0.12512773
48.30000000 0.12240290
48.40000000 0.12108674
48.50000000 0.12108091
48.60000000 0.11862032
48.70000000 0.11781550
